2
40 30
-1.33333	-1	0.122555	0.827926	1
-1.26495	-1	0.084405	0.777994	1
-1.19658	-1	0.0528699	0.723774	1
-1.1282	-1	0.0285154	0.66644	1
-1.05983	-1	0.0116049	0.607099	1
-0.991451	-1	0.00219296	0.546778	1
-0.923075	-1	0.000184383	0.486422	1
-0.854699	-1	0.00537213	0.426902	1
-0.786323	-1	0.0174628	0.369012	1
-0.717947	-1	0.0360944	0.313475	1
-0.649571	-1	0.0608485	0.260948	1
-0.581195	-1	0.0912606	0.212021	1
-0.512819	-1	0.126827	0.167221	1
-0.444443	-1	0.167012	0.127013	1
-0.376067	-1	0.211251	0.0918039	1
-0.307692	-1	0.258958	0.0619375	1
-0.239316	-1	0.309527	0.0377014	1
-0.17094	-1	0.362337	0.0193245	1
-0.102564	-1	0.416756	0.00697821	1
-0.0341879	-1	0.472144	0.000776543	1
0.0341879	-1	0.527856	0.000776543	1
0.102564	-1	0.583244	0.00697821	1
0.17094	-1	0.637663	0.0193245	1
0.239316	-1	0.690473	0.0377014	1
0.307692	-1	0.741042	0.0619375	1
0.376067	-1	0.788749	0.0918039	1
0.444443	-1	0.832988	0.127013	1
0.512819	-1	0.873173	0.167221	1
0.581195	-1	0.908739	0.212021	1
0.649571	-1	0.939152	0.260948	1
0.717947	-1	0.963906	0.313475	1
0.786323	-1	0.982537	0.369012	1
0.854699	-1	0.994628	0.426902	1
0.923075	-1	0.999816	0.486422	1
0.991451	-1	0.997807	0.546778	1
1.05983	-1	0.988395	0.607099	1
1.1282	-1	0.971485	0.66644	1
1.19658	-1	0.94713	0.723774	1
1.26495	-1	0.915595	0.777994	1
1.33333	-1	0.877445	0.827926	1
-1.33333	-0.931034	0.133162	0.821252	1
-1.26495	-0.931034	0.0974756	0.771672	1
-1.19658	-0.931034	0.068432	0.718313	1
-1.1282	-0.931034	0.0464832	0.662352	1
-1.05983	-0.931034	0.0317866	0.604873	1
-0.991451	-0.931034	0.0243022	0.546858	1
-0.923075	-0.931034	0.0238543	0.489191	1
-0.854699	-0.931034	0.030171	0.432668	1
-0.786323	-0.931034	0.04291	0.378002	1
-0.717947	-0.931034	0.0616767	0.325829	1
-0.649571	-0.931034	0.0860364	0.276716	1
-0.581195	-0.931034	0.115523	0.231165	1
-0.512819	-0.931034	0.149648	0.189615	1
-0.444443	-0.931034	0.1879	0.15245	1
-0.376067	-0.931034	0.229756	0.12	1
-0.307692	-0.931034	0.274679	0.0925427	1
-0.239316	-0.931034	0.322123	0.0703065	1
-0.17094	-0.931034	0.371535	0.0534726	1
-0.102564	-0.931034	0.422356	0.0421757	1
-0.0341879	-0.931034	0.474025	0.036505	1
0.0341879	-0.931034	0.525975	0.036505	1
0.102564	-0.931034	0.577644	0.0421757	1
0.17094	-0.931034	0.628465	0.0534726	1
0.239316	-0.931034	0.677877	0.0703065	1
0.307692	-0.931034	0.725321	0.0925427	1
0.376067	-0.931034	0.770244	0.12	1
0.444443	-0.931034	0.8121	0.15245	1
0.512819	-0.931034	0.850352	0.189615	1
0.581195	-0.931034	0.884477	0.231165	1
0.649571	-0.931034	0.913964	0.276716	1
0.717947	-0.931034	0.938323	0.325829	1
0.786323	-0.931034	0.95709	0.378002	1
0.854699	-0.931034	0.969829	0.432668	1
0.923075	-0.931034	0.976146	0.489191	1
0.991451	-0.931034	0.975698	0.546858	1
1.05983	-0.931034	0.968213	0.604873	1
1.1282	-0.931034	0.953517	0.662352	1
1.19658	-0.931034	0.931568	0.718313	1
1.26495	-0.931034	0.902524	0.771672	1
1.33333	-0.931034	0.866838	0.821252	1
-1.33333	-0.862069	0.145967	0.817477	1
-1.26495	-0.862069	0.112447	0.76863	1
-1.19658	-0.862069	0.0855188	0.716434	1
-1.1282	-0.862069	0.0655453	0.662061	1
-1.05983	-0.862069	0.0526014	0.606562	1
-0.991451	-0.862069	0.0465751	0.550874	1
-0.923075	-0.862069	0.0472316	0.495821	1
-0.854699	-0.862069	0.0542535	0.442132	1
-0.786323	-0.862069	0.0672671	0.390448	1
-0.717947	-0.862069	0.0858598	0.34133	1
-0.649571	-0.862069	0.109592	0.295271	1
-0.581195	-0.862069	0.138004	0.2527	1
-0.512819	-0.862069	0.170625	0.213989	1
-0.444443	-0.862069	0.206972	0.179457	1
-0.376067	-0.862069	0.246556	0.149377	1
-0.307692	-0.862069	0.288886	0.123976	1
-0.239316	-0.862069	0.333465	0.103438	1
-0.17094	-0.862069	0.379795	0.0879089	1
-0.102564	-0.862069	0.427376	0.0774972	1
-0.0341879	-0.862069	0.475709	0.0722736	1
0.0341879	-0.862069	0.524291	0.0722736	1
0.102564	-0.862069	0.572624	0.0774972	1
0.17094	-0.862069	0.620205	0.0879089	1
0.239316	-0.862069	0.666535	0.103438	1
0.307692	-0.862069	0.711114	0.123976	1
0.376067	-0.862069	0.753444	0.149377	1
0.444443	-0.862069	0.793028	0.179457	1
0.512819	-0.862069	0.829375	0.213989	1
0.581195	-0.862069	0.861996	0.2527	1
0.649571	-0.862069	0.890408	0.295271	1
0.717947	-0.862069	0.91414	0.34133	1
0.786323	-0.862069	0.932733	0.390448	1
0.854699	-0.862069	0.945746	0.442132	1
0.923075	-0.862069	0.952768	0.495821	1
0.991451	-0.862069	0.953425	0.550874	1
1.05983	-0.862069	0.947399	0.606562	1
1.1282	-0.862069	0.934455	0.662061	1
1.19658	-0.862069	0.914481	0.716434	1
1.26495	-0.862069	0.887553	0.76863	1
1.33333	-0.862069	0.854033	0.817477	1
-1.33333	-0.793103	0.160635	0.816474	1
-1.26495	-0.793103	0.128983	0.768664	1
-1.19658	-0.793103	0.10381	0.717855	1
-1.1282	-0.793103	0.0854154	0.665207	1
-1.05983	-0.793103	0.0738139	0.611742	1
-0.991451	-0.793103	0.0688405	0.55835	1
-0.923075	-0.793103	0.0702185	0.505803	1
-0.854699	-0.793103	0.0775998	0.454769	1
-0.786323	-0.793103	0.0905916	0.405828	1
-0.717947	-0.793103	0.108773	0.359479	1
-0.649571	-0.793103	0.131706	0.316153	1
-0.581195	-0.793103	0.158944	0.276221	1
-0.512819	-0.793103	0.190031	0.240002	1
-0.444443	-0.793103	0.224514	0.207764	1
-0.376067	-0.793103	0.261935	0.179736	1
-0.307692	-0.793103	0.301841	0.156104	1
-0.239316	-0.793103	0.343775	0.137023	1
-0.17094	-0.793103	0.387286	0.12261	1
-0.102564	-0.793103	0.431922	0.112953	1
-0.0341879	-0.793103	0.477232	0.10811	1
0.0341879	-0.793103	0.522768	0.10811	1
0.102564	-0.793103	0.568078	0.112953	1
0.17094	-0.793103	0.612714	0.12261	1
0.239316	-0.793103	0.656225	0.137023	1
0.307692	-0.793103	0.698159	0.156104	1
0.376067	-0.793103	0.738065	0.179736	1
0.444443	-0.793103	0.775486	0.207764	1
0.512819	-0.793103	0.809969	0.240002	1
0.581195	-0.793103	0.841056	0.276221	1
0.649571	-0.793103	0.868294	0.316153	1
0.717947	-0.793103	0.891227	0.359479	1
0.786323	-0.793103	0.909408	0.405828	1
0.854699	-0.793103	0.9224	0.454769	1
0.923075	-0.793103	0.929782	0.505803	1
0.991451	-0.793103	0.931159	0.55835	1
1.05983	-0.793103	0.926186	0.611742	1
1.1282	-0.793103	0.914585	0.665207	1
1.19658	-0.793103	0.89619	0.717855	1
1.26495	-0.793103	0.871017	0.768664	1
1.33333	-0.793103	0.839365	0.816474	1
-1.33333	-0.724138	0.176885	0.818073	1
-1.26495	-0.724138	0.146814	0.771544	1
-1.19658	-0.724138	0.123061	0.722287	1
-1.1282	-0.724138	0.105887	0.671451	1
-1.05983	-0.724138	0.0952666	0.620029	1
-0.991451	-0.724138	0.0909976	0.568872	1
-0.923075	-0.724138	0.0927754	0.518705	1
-0.854699	-0.724138	0.100232	0.470146	1
-0.786323	-0.724138	0.112965	0.423722	1
-0.717947	-0.724138	0.130552	0.379881	1
-0.649571	-0.724138	0.15256	0.339006	1
-0.581195	-0.724138	0.178554	0.301421	1
-0.512819	-0.724138	0.208099	0.267399	1
-0.444443	-0.724138	0.240765	0.237172	1
-0.376067	-0.724138	0.276124	0.210932	1
-0.307692	-0.724138	0.313751	0.188837	1
-0.239316	-0.724138	0.353229	0.171015	1
-0.17094	-0.724138	0.394142	0.157565	1
-0.102564	-0.724138	0.436077	0.148558	1
-0.0341879	-0.724138	0.478624	0.144043	1
0.0341879	-0.724138	0.521376	0.144043	1
0.102564	-0.724138	0.563923	0.148558	1
0.17094	-0.724138	0.605858	0.157565	1
0.239316	-0.724138	0.646771	0.171015	1
0.307692	-0.724138	0.686249	0.188837	1
0.376067	-0.724138	0.723876	0.210932	1
0.444443	-0.724138	0.759235	0.237172	1
0.512819	-0.724138	0.791901	0.267399	1
0.581195	-0.724138	0.821446	0.301421	1
0.649571	-0.724138	0.84744	0.339006	1
0.717947	-0.724138	0.869448	0.379881	1
0.786323	-0.724138	0.887035	0.423722	1
0.854699	-0.724138	0.899768	0.470146	1
0.923075	-0.724138	0.907225	0.518705	1
0.991451	-0.724138	0.909002	0.568872	1
1.05983	-0.724138	0.904733	0.620029	1
1.1282	-0.724138	0.894113	0.671451	1
1.19658	-0.724138	0.876939	0.722287	1
1.26495	-0.724138	0.853186	0.771544	1
1.33333	-0.724138	0.823115	0.818073	1
-1.33333	-0.655172	0.194478	0.822074	1
-1.26495	-0.655172	0.165728	0.777028	1
-1.19658	-0.655172	0.143092	0.729448	1
-1.1282	-0.655172	0.126819	0.680475	1
-1.05983	-0.655172	0.116861	0.631079	1
-0.991451	-0.655172	0.112997	0.582079	1
-0.923075	-0.655172	0.114903	0.534161	1
-0.854699	-0.655172	0.122201	0.487904	1
-0.786323	-0.655172	0.134484	0.443789	1
-0.717947	-0.655172	0.15133	0.402225	1
-0.649571	-0.655172	0.172317	0.363554	1
-0.581195	-0.655172	0.197021	0.328061	1
-0.512819	-0.655172	0.225027	0.295987	1
-0.444443	-0.655172	0.255925	0.267532	1
-0.376067	-0.655172	0.28931	0.242862	1
-0.307692	-0.655172	0.324788	0.222111	1
-0.239316	-0.655172	0.361969	0.205388	1
-0.17094	-0.655172	0.400468	0.192775	1
-0.102564	-0.655172	0.439907	0.184333	1
-0.0341879	-0.655172	0.479906	0.180102	1
0.0341879	-0.655172	0.520094	0.180102	1
0.102564	-0.655172	0.560093	0.184333	1
0.17094	-0.655172	0.599532	0.192775	1
0.239316	-0.655172	0.638031	0.205388	1
0.307692	-0.655172	0.675212	0.222111	1
0.376067	-0.655172	0.71069	0.242862	1
0.444443	-0.655172	0.744075	0.267532	1
0.512819	-0.655172	0.774973	0.295987	1
0.581195	-0.655172	0.802979	0.328061	1
0.649571	-0.655172	0.827683	0.363554	1
0.717947	-0.655172	0.84867	0.402225	1
0.786323	-0.655172	0.865516	0.443789	1
0.854699	-0.655172	0.877799	0.487904	1
0.923075	-0.655172	0.885097	0.534161	1
0.991451	-0.655172	0.887003	0.582079	1
1.05983	-0.655172	0.883139	0.631079	1
1.1282	-0.655172	0.873181	0.680475	1
1.19658	-0.655172	0.856908	0.729448	1
1.26495	-0.655172	0.834272	0.777028	1
1.33333	-0.655172	0.805522	0.822074	1
-1.33333	-0.586207	0.213215	0.828255	1
-1.26495	-0.586207	0.185558	0.78487	1
-1.19658	-0.586207	0.16377	0.739067	1
-1.1282	-0.586207	0.148116	0.691987	1
-1.05983	-0.586207	0.138546	0.644587	1
-0.991451	-0.586207	0.134827	0.597661	1
-0.923075	-0.586207	0.136631	0.551866	1
-0.854699	-0.586207	0.143574	0.507748	1
-0.786323	-0.586207	0.155248	0.465755	1
-0.717947	-0.586207	0.171239	0.426261	1
-0.649571	-0.586207	0.19113	0.389577	1
-0.581195	-0.586207	0.214512	0.355959	1
-0.512819	-0.586207	0.240986	0.32562	1
-0.444443	-0.586207	0.27016	0.298737	1
-0.376067	-0.586207	0.301653	0.275453	1
-0.307692	-0.586207	0.335091	0.255885	1
-0.239316	-0.586207	0.370111	0.240126	1
-0.17094	-0.586207	0.406353	0.228247	1
-0.102564	-0.586207	0.443465	0.220299	1
-0.0341879	-0.586207	0.481097	0.216317	1
0.0341879	-0.586207	0.518903	0.216317	1
0.102564	-0.586207	0.556535	0.220299	1
0.17094	-0.586207	0.593647	0.228247	1
0.239316	-0.586207	0.629889	0.240126	1
0.307692	-0.586207	0.664909	0.255885	1
0.376067	-0.586207	0.698347	0.275453	1
0.444443	-0.586207	0.72984	0.298737	1
0.512819	-0.586207	0.759014	0.32562	1
0.581195	-0.586207	0.785488	0.355959	1
0.649571	-0.586207	0.80887	0.389577	1
0.717947	-0.586207	0.828761	0.426261	1
0.786323	-0.586207	0.844752	0.465755	1
0.854699	-0.586207	0.856426	0.507748	1
0.923075	-0.586207	0.863369	0.551866	1
0.991451	-0.586207	0.865173	0.597661	1
1.05983	-0.586207	0.861454	0.644587	1
1.1282	-0.586207	0.851884	0.691987	1
1.19658	-0.586207	0.83623	0.739067	1
1.26495	-0.586207	0.814442	0.78487	1
1.33333	-0.586207	0.786785	0.828255	1
-1.33333	-0.517241	0.232922	0.836375	0.943859
-1.26495	-0.517241	0.206173	0.794816	1
-1.19658	-0.517241	0.185006	0.750882	1
-1.1282	-0.517241	0.169726	0.70572	1
-1.05983	-0.517241	0.1603	0.660282	1
-0.991451	-0.517241	0.156504	0.61535	1
-0.923075	-0.517241	0.158007	0.571561	1
-0.854699	-0.517241	0.164428	0.529434	1
-0.786323	-0.517241	0.175362	0.489395	1
-0.717947	-0.517241	0.1904	0.45179	1
-0.649571	-0.517241	0.209136	0.416906	1
-0.581195	-0.517241	0.231172	0.384975	1
-0.512819	-0.517241	0.256124	0.356189	1
-0.444443	-0.517241	0.283616	0.330707	1
-0.376067	-0.517241	0.313285	0.308654	1
-0.307692	-0.517241	0.344779	0.290134	1
-0.239316	-0.517241	0.377752	0.275227	1
-0.17094	-0.517241	0.411868	0.263995	1
-0.102564	-0.517241	0.446797	0.256483	1
-0.0341879	-0.517241	0.482212	0.252719	1
0.0341879	-0.517241	0.517788	0.252719	1
0.102564	-0.517241	0.553203	0.256483	1
0.17094	-0.517241	0.588132	0.263995	1
0.239316	-0.517241	0.622248	0.275227	1
0.307692	-0.517241	0.655221	0.290134	1
0.376067	-0.517241	0.686715	0.308654	1
0.444443	-0.517241	0.716384	0.330707	1
0.512819	-0.517241	0.743876	0.356189	1
0.581195	-0.517241	0.768828	0.384975	1
0.649571	-0.517241	0.790864	0.416906	1
0.717947	-0.517241	0.8096	0.45179	1
0.786323	-0.517241	0.824638	0.489395	1
0.854699	-0.517241	0.835572	0.529434	1
0.923075	-0.517241	0.841993	0.571561	1
0.991451	-0.517241	0.843496	0.61535	1
1.05983	-0.517241	0.8397	0.660282	1
1.1282	-0.517241	0.830274	0.70572	1
1.19658	-0.517241	0.814994	0.750882	1
1.26495	-0.517241	0.793827	0.794816	1
1.33333	-0.517241	0.767078	0.836375	0.943859
-1.33333	-0.448276	0.253435	0.846172	0.831958
-1.26495	-0.448276	0.227467	0.80661	1
-1.19658	-0.448276	0.206734	0.764639	1
-1.1282	-0.448276	0.191619	0.721422	1
-1.05983	-0.448276	0.182131	0.677921	1
-0.991451	-0.448276	0.178062	0.634912	1
-0.923075	-0.448276	0.179093	0.593024	1
-0.854699	-0.448276	0.184848	0.552759	1
-0.786323	-0.448276	0.194929	0.514526	1
-0.717947	-0.448276	0.208933	0.478652	1
-0.649571	-0.448276	0.226463	0.445404	1
-0.581195	-0.448276	0.247134	0.414998	1
-0.512819	-0.448276	0.270572	0.387611	1
-0.444443	-0.448276	0.296418	0.363383	1
-0.376067	-0.448276	0.324322	0.34243	1
-0.307692	-0.448276	0.353949	0.324843	1
-0.239316	-0.448276	0.384973	0.310694	1
-0.17094	-0.448276	0.417074	0.300037	1
-0.102564	-0.448276	0.449939	0.292911	1
-0.0341879	-0.448276	0.483262	0.289341	1
0.0341879	-0.448276	0.516738	0.289341	1
0.102564	-0.448276	0.550061	0.292911	1
0.17094	-0.448276	0.582926	0.300037	1
0.239316	-0.448276	0.615027	0.310694	1
0.307692	-0.448276	0.646051	0.324843	1
0.376067	-0.448276	0.675678	0.34243	1
0.444443	-0.448276	0.703582	0.363383	1
0.512819	-0.448276	0.729428	0.387611	1
0.581195	-0.448276	0.752866	0.414998	1
0.649571	-0.448276	0.773537	0.445404	1
0.717947	-0.448276	0.791067	0.478652	1
0.786323	-0.448276	0.805071	0.514526	1
0.854699	-0.448276	0.815152	0.552759	1
0.923075	-0.448276	0.820907	0.593024	1
0.991451	-0.448276	0.821938	0.634912	1
1.05983	-0.448276	0.817869	0.677921	1
1.1282	-0.448276	0.808381	0.721422	1
1.19658	-0.448276	0.793266	0.764639	1
1.26495	-0.448276	0.772533	0.80661	1
1.33333	-0.448276	0.746565	0.846172	0.831958
-1.33333	-0.37931	0.274582	0.857355	0.7166
-1.26495	-0.37931	0.249338	0.819977	0.986112
-1.19658	-0.37931	0.228906	0.780081	1
-1.1282	-0.37931	0.213789	0.738854	1
-1.05983	-0.37931	0.204061	0.697278	1
-0.991451	-0.37931	0.199552	0.656139	1
-0.923075	-0.37931	0.199961	0.616063	1
-0.854699	-0.37931	0.204924	0.57755	1
-0.786323	-0.37931	0.214051	0.540995	1
-0.717947	-0.37931	0.226949	0.506716	1
-0.649571	-0.37931	0.24323	0.474965	1
-0.581195	-0.37931	0.262516	0.445946	1
-0.512819	-0.37931	0.284447	0.419822	1
-0.444443	-0.37931	0.308675	0.396726	1
-0.376067	-0.37931	0.334863	0.376761	1
-0.307692	-0.37931	0.362691	0.36001	1
-0.239316	-0.37931	0.391844	0.346538	1
-0.17094	-0.37931	0.422021	0.336393	1
-0.102564	-0.37931	0.452924	0.329612	1
-0.0341879	-0.37931	0.48426	0.326215	1
0.0341879	-0.37931	0.51574	0.326215	1
0.102564	-0.37931	0.547076	0.329612	1
0.17094	-0.37931	0.577979	0.336393	1
0.239316	-0.37931	0.608156	0.346538	1
0.307692	-0.37931	0.637309	0.36001	1
0.376067	-0.37931	0.665137	0.376761	1
0.444443	-0.37931	0.691325	0.396726	1
0.512819	-0.37931	0.715553	0.419822	1
0.581195	-0.37931	0.737484	0.445946	1
0.649571	-0.37931	0.75677	0.474965	1
0.717947	-0.37931	0.773051	0.506716	1
0.786323	-0.37931	0.785949	0.540995	1
0.854699	-0.37931	0.795076	0.57755	1
0.923075	-0.37931	0.800039	0.616063	1
0.991451	-0.37931	0.800448	0.656139	1
1.05983	-0.37931	0.795939	0.697278	1
1.1282	-0.37931	0.786211	0.738854	1
1.19658	-0.37931	0.771094	0.780081	1
1.26495	-0.37931	0.750662	0.819977	0.986112
1.33333	-0.37931	0.725418	0.857355	0.7166
-1.33333	-0.310345	0.29616	0.869598	0.601801
-1.26495	-0.310345	0.271671	0.834623	0.84166
-1.19658	-0.310345	0.251475	0.796943	1
-1.1282	-0.310345	0.236234	0.757778	1
-1.05983	-0.310345	0.226124	0.718139	1
-0.991451	-0.310345	0.221031	0.678836	1
-0.923075	-0.310345	0.220687	0.640509	1
-0.854699	-0.310345	0.224746	0.603657	1
-0.786323	-0.310345	0.232831	0.568675	1
-0.717947	-0.310345	0.244557	0.535874	1
-0.649571	-0.310345	0.259546	0.505501	1
-0.581195	-0.310345	0.277429	0.477751	1
-0.512819	-0.310345	0.297856	0.452778	1
-0.444443	-0.310345	0.320486	0.430706	1
-0.376067	-0.310345	0.344997	0.411634	1
-0.307692	-0.310345	0.371078	0.395636	1
-0.239316	-0.310345	0.398428	0.382773	1
-0.17094	-0.310345	0.426756	0.37309	1
-0.102564	-0.310345	0.455778	0.366617	1
-0.0341879	-0.310345	0.485213	0.363375	1
0.0341879	-0.310345	0.514787	0.363375	1
0.102564	-0.310345	0.544222	0.366617	1
0.17094	-0.310345	0.573244	0.37309	1
0.239316	-0.310345	0.601572	0.382773	1
0.307692	-0.310345	0.628922	0.395636	1
0.376067	-0.310345	0.655003	0.411634	1
0.444443	-0.310345	0.679514	0.430706	1
0.512819	-0.310345	0.702144	0.452778	1
0.581195	-0.310345	0.722571	0.477751	1
0.649571	-0.310345	0.740454	0.505501	1
0.717947	-0.310345	0.755443	0.535874	1
0.786323	-0.310345	0.767169	0.568675	1
0.854699	-0.310345	0.775254	0.603657	1
0.923075	-0.310345	0.779313	0.640509	1
0.991451	-0.310345	0.778969	0.678836	1
1.05983	-0.310345	0.773876	0.718139	1
1.1282	-0.310345	0.763766	0.757778	1
1.19658	-0.310345	0.748525	0.796943	1
1.26495	-0.310345	0.728329	0.834623	0.84166
1.33333	-0.310345	0.70384	0.869598	0.601801
-1.33333	-0.241379	0.317907	0.882526	0.491715
-1.26495	-0.241379	0.294319	0.85021	0.699721
-1.19658	-0.241379	0.274377	0.814934	0.949627
-1.1282	-0.241379	0.258949	0.777942	1
-1.05983	-0.241379	0.248354	0.740288	1
-0.991451	-0.241379	0.242561	0.702819	1
-0.923075	-0.241379	0.241351	0.666199	1
-0.854699	-0.241379	0.244407	0.630942	1
-0.786323	-0.241379	0.251368	0.59745	1
-0.717947	-0.241379	0.261861	0.566035	1
-0.649571	-0.241379	0.275517	0.536941	1
-0.581195	-0.241379	0.291976	0.51036	1
-0.512819	-0.241379	0.310894	0.486442	1
-0.444443	-0.241379	0.331942	0.465306	1
-0.376067	-0.241379	0.354805	0.447044	1
-0.307692	-0.241379	0.379181	0.43173	1
-0.239316	-0.241379	0.404779	0.419418	1
-0.17094	-0.241379	0.431319	0.410151	1
-0.102564	-0.241379	0.458526	0.403957	1
-0.0341879	-0.241379	0.486131	0.400855	1
0.0341879	-0.241379	0.513869	0.400855	1
0.102564	-0.241379	0.541474	0.403957	1
0.17094	-0.241379	0.568681	0.410151	1
0.239316	-0.241379	0.595221	0.419418	1
0.307692	-0.241379	0.620819	0.43173	1
0.376067	-0.241379	0.645195	0.447044	1
0.444443	-0.241379	0.668058	0.465306	1
0.512819	-0.241379	0.689106	0.486442	1
0.581195	-0.241379	0.708024	0.51036	1
0.649571	-0.241379	0.724483	0.536941	1
0.717947	-0.241379	0.738139	0.566035	1
0.786323	-0.241379	0.748632	0.59745	1
0.854699	-0.241379	0.755593	0.630942	1
0.923075	-0.241379	0.758649	0.666199	1
0.991451	-0.241379	0.757439	0.702819	1
1.05983	-0.241379	0.751646	0.740288	1
1.1282	-0.241379	0.741051	0.777942	1
1.19658	-0.241379	0.725623	0.814934	0.949627
1.26495	-0.241379	0.705681	0.85021	0.699721
1.33333	-0.241379	0.682093	0.882526	0.491715
-1.33333	-0.172414	0.339472	0.895714	0.390336
-1.26495	-0.172414	0.317062	0.866349	0.565083
-1.19658	-0.172414	0.297504	0.833718	0.781214
-1.1282	-0.172414	0.281907	0.799064	1
-1.05983	-0.172414	0.270775	0.76349	1
-0.991451	-0.172414	0.264199	0.727892	1
-0.923075	-0.172414	0.262032	0.692973	1
-0.854699	-0.172414	0.263998	0.659275	1
-0.786323	-0.172414	0.269761	0.627214	1
-0.717947	-0.172414	0.278962	0.597113	1
-0.649571	-0.172414	0.291243	0.56922	1
-0.581195	-0.172414	0.306253	0.543727	1
-0.512819	-0.172414	0.323654	0.520785	1
-0.444443	-0.172414	0.343126	0.500509	1
-0.376067	-0.172414	0.364359	0.482991	1
-0.307692	-0.172414	0.387061	0.468301	1
-0.239316	-0.172414	0.410947	0.456492	1
-0.17094	-0.172414	0.435746	0.447603	1
-0.102564	-0.172414	0.461191	0.441662	1
-0.0341879	-0.172414	0.487021	0.438687	1
0.0341879	-0.172414	0.512979	0.438687	1
0.102564	-0.172414	0.538809	0.441662	1
0.17094	-0.172414	0.564254	0.447603	1
0.239316	-0.172414	0.589053	0.456492	1
0.307692	-0.172414	0.612939	0.468301	1
0.376067	-0.172414	0.635641	0.482991	1
0.444443	-0.172414	0.656874	0.500509	1
0.512819	-0.172414	0.676346	0.520785	1
0.581195	-0.172414	0.693747	0.543727	1
0.649571	-0.172414	0.708757	0.56922	1
0.717947	-0.172414	0.721038	0.597113	1
0.786323	-0.172414	0.730239	0.627214	1
0.854699	-0.172414	0.736002	0.659275	1
0.923075	-0.172414	0.737968	0.692973	1
0.991451	-0.172414	0.735801	0.727892	1
1.05983	-0.172414	0.729225	0.76349	1
1.1282	-0.172414	0.718093	0.799064	1
1.19658	-0.172414	0.702496	0.833718	0.781214
1.26495	-0.172414	0.682938	0.866349	0.565083
1.33333	-0.172414	0.660528	0.895714	0.390336
-1.33333	-0.103448	0.360404	0.908693	0.301077
-1.26495	-0.103448	0.339579	0.882578	0.442372
-1.19658	-0.103448	0.320675	0.852889	0.623239
-1.1282	-0.103448	0.305032	0.820809	0.84028
-1.05983	-0.103448	0.293384	0.787473	1
-0.991451	-0.103448	0.285988	0.753836	1
-0.923075	-0.103448	0.282801	0.720655	1
-0.854699	-0.103448	0.283606	0.688514	1
-0.786323	-0.103448	0.288104	0.657856	1
-0.717947	-0.103448	0.295958	0.629023	1
-0.649571	-0.103448	0.306821	0.602275	1
-0.581195	-0.103448	0.320353	0.577809	1
-0.512819	-0.103448	0.336223	0.555779	1
-0.444443	-0.103448	0.354116	0.536305	1
-0.376067	-0.103448	0.37373	0.519475	1
-0.307692	-0.103448	0.394777	0.50536	1
-0.239316	-0.103448	0.416979	0.494012	1
-0.17094	-0.103448	0.440071	0.48547	1
-0.102564	-0.103448	0.463792	0.479761	1
-0.0341879	-0.103448	0.487889	0.476903	1
0.0341879	-0.103448	0.512111	0.476903	1
0.102564	-0.103448	0.536208	0.479761	1
0.17094	-0.103448	0.559929	0.48547	1
0.239316	-0.103448	0.583021	0.494012	1
0.307692	-0.103448	0.605223	0.50536	1
0.376067	-0.103448	0.62627	0.519475	1
0.444443	-0.103448	0.645884	0.536305	1
0.512819	-0.103448	0.663777	0.555779	1
0.581195	-0.103448	0.679647	0.577809	1
0.649571	-0.103448	0.693179	0.602275	1
0.717947	-0.103448	0.704042	0.629023	1
0.786323	-0.103448	0.711896	0.657856	1
0.854699	-0.103448	0.716394	0.688514	1
0.923075	-0.103448	0.717199	0.720655	1
0.991451	-0.103448	0.714012	0.753836	1
1.05983	-0.103448	0.706616	0.787473	1
1.1282	-0.103448	0.694968	0.820809	0.84028
1.19658	-0.103448	0.679325	0.852889	0.623239
1.26495	-0.103448	0.660421	0.882578	0.442372
1.33333	-0.103448	0.639596	0.908693	0.301077
-1.33333	-0.0344828	0.380174	0.920985	0.226246
-1.26495	-0.0344828	0.361418	0.89837	0.335542
-1.19658	-0.0344828	0.343585	0.871956	0.480885
-1.1282	-0.0344828	0.328161	0.842758	0.661363
-1.05983	-0.0344828	0.316122	0.811896	0.872738
-0.991451	-0.0344828	0.307937	0.78038	1
-0.923075	-0.0344828	0.303707	0.749032	1
-0.854699	-0.0344828	0.303305	0.718493	1
-0.786323	-0.0344828	0.306484	0.689248	1
-0.717947	-0.0344828	0.31294	0.661669	1
-0.649571	-0.0344828	0.322343	0.636033	1
-0.581195	-0.0344828	0.334366	0.612555	1
-0.512819	-0.0344828	0.348684	0.591394	1
-0.444443	-0.0344828	0.364989	0.572675	1
-0.376067	-0.0344828	0.382983	0.556491	1
-0.307692	-0.0344828	0.402384	0.542913	1
-0.239316	-0.0344828	0.422919	0.531994	1
-0.17094	-0.0344828	0.444326	0.523774	1
-0.102564	-0.0344828	0.46635	0.518279	1
-0.0341879	-0.0344828	0.488743	0.515528	1
0.0341879	-0.0344828	0.511257	0.515528	1
0.102564	-0.0344828	0.53365	0.518279	1
0.17094	-0.0344828	0.555674	0.523774	1
0.239316	-0.0344828	0.577081	0.531994	1
0.307692	-0.0344828	0.597616	0.542913	1
0.376067	-0.0344828	0.617017	0.556491	1
0.444443	-0.0344828	0.635011	0.572675	1
0.512819	-0.0344828	0.651316	0.591394	1
0.581195	-0.0344828	0.665634	0.612555	1
0.649571	-0.0344828	0.677657	0.636033	1
0.717947	-0.0344828	0.68706	0.661669	1
0.786323	-0.0344828	0.693516	0.689248	1
0.854699	-0.0344828	0.696695	0.718493	1
0.923075	-0.0344828	0.696293	0.749032	1
0.991451	-0.0344828	0.692063	0.78038	1
1.05983	-0.0344828	0.683878	0.811896	0.872738
1.1282	-0.0344828	0.671839	0.842758	0.661363
1.19658	-0.0344828	0.656415	0.871956	0.480885
1.26495	-0.0344828	0.638582	0.89837	0.335542
1.33333	-0.0344828	0.619826	0.920985	0.226246
-1.33333	0.0344828	0.398246	0.932168	0.166597
-1.26495	0.0344828	0.382012	0.913169	0.247215
-1.19658	0.0344828	0.365779	0.890335	0.358542
-1.1282	0.0344828	0.350997	0.86438	0.502253
-1.05983	0.0344828	0.338833	0.836317	0.676384
-0.991451	0.0344828	0.329991	0.80717	0.876354
-0.923075	0.0344828	0.324761	0.777827	1
-0.854699	0.0344828	0.323145	0.748996	1
-0.786323	0.0344828	0.324974	0.721224	1
-0.717947	0.0344828	0.329992	0.694922	1
-0.649571	0.0344828	0.337896	0.670402	1
-0.581195	0.0344828	0.348375	0.647897	1
-0.512819	0.0344828	0.361116	0.627582	1
-0.444443	0.0344828	0.375815	0.609591	1
-0.376067	0.0344828	0.392182	0.594023	1
-0.307692	0.0344828	0.409936	0.580955	1
-0.239316	0.0344828	0.428809	0.570442	1
-0.17094	0.0344828	0.448542	0.562525	1
-0.102564	0.0344828	0.468883	0.557232	1
-0.0341879	0.0344828	0.489587	0.554581	1
0.0341879	0.0344828	0.510413	0.554581	1
0.102564	0.0344828	0.531117	0.557232	1
0.17094	0.0344828	0.551458	0.562525	1
0.239316	0.0344828	0.571191	0.570442	1
0.307692	0.0344828	0.590064	0.580955	1
0.376067	0.0344828	0.607818	0.594023	1
0.444443	0.0344828	0.624185	0.609591	1
0.512819	0.0344828	0.638884	0.627582	1
0.581195	0.0344828	0.651625	0.647897	1
0.649571	0.0344828	0.662104	0.670402	1
0.717947	0.0344828	0.670008	0.694922	1
0.786323	0.0344828	0.675026	0.721224	1
0.854699	0.0344828	0.676855	0.748996	1
0.923075	0.0344828	0.675239	0.777827	1
0.991451	0.0344828	0.670009	0.80717	0.876354
1.05983	0.0344828	0.661167	0.836317	0.676384
1.1282	0.0344828	0.649003	0.86438	0.502253
1.19658	0.0344828	0.634221	0.890335	0.358542
1.26495	0.0344828	0.617988	0.913169	0.247215
1.33333	0.0344828	0.601754	0.932168	0.166597
-1.33333	0.103448	0.414209	0.941962	0.121233
-1.26495	0.103448	0.40076	0.926475	0.178067
-1.19658	0.103448	0.38665	0.907388	0.258985
-1.1282	0.103448	0.373066	0.885026	0.367619
-1.05983	0.103448	0.36121	0.860154	0.504495
-0.991451	0.103448	0.351985	0.833723	0.667112
-0.923075	0.103448	0.3459	0.806652	0.85088
-0.854699	0.103448	0.343127	0.779722	1
-0.786323	0.103448	0.343615	0.75355	1
-0.717947	0.103448	0.347176	0.728606	1
-0.649571	0.103448	0.353553	0.705245	1
-0.581195	0.103448	0.362457	0.683733	1
-0.512819	0.103448	0.373593	0.664267	1
-0.444443	0.103448	0.386665	0.646998	1
-0.376067	0.103448	0.401387	0.632036	1
-0.307692	0.103448	0.417484	0.619464	1
-0.239316	0.103448	0.434689	0.609343	1
-0.17094	0.103448	0.452747	0.601717	1
-0.102564	0.103448	0.471408	0.596618	1
-0.0341879	0.103448	0.49043	0.594063	1
0.0341879	0.103448	0.50957	0.594063	1
0.102564	0.103448	0.528592	0.596618	1
0.17094	0.103448	0.547253	0.601717	1
0.239316	0.103448	0.565311	0.609343	1
0.307692	0.103448	0.582516	0.619464	1
0.376067	0.103448	0.598613	0.632036	1
0.444443	0.103448	0.613335	0.646998	1
0.512819	0.103448	0.626407	0.664267	1
0.581195	0.103448	0.637543	0.683733	1
0.649571	0.103448	0.646447	0.705245	1
0.717947	0.103448	0.652824	0.728606	1
0.786323	0.103448	0.656385	0.75355	1
0.854699	0.103448	0.656873	0.779722	1
0.923075	0.103448	0.6541	0.806652	0.85088
0.991451	0.103448	0.648015	0.833723	0.667112
1.05983	0.103448	0.63879	0.860154	0.504495
1.1282	0.103448	0.626934	0.885026	0.367619
1.19658	0.103448	0.61335	0.907388	0.258985
1.26495	0.103448	0.59924	0.926475	0.178067
1.33333	0.103448	0.585791	0.941962	0.121233
-1.33333	0.172414	0.427874	0.950272	0.0880034
-1.26495	0.172414	0.417187	0.937957	0.126658
-1.19658	0.172414	0.405541	0.922537	0.182595
-1.1282	0.172414	0.39372	0.903976	0.260143
-1.05983	0.172414	0.382743	0.882678	0.361804
-0.991451	0.172414	0.37358	0.859385	0.487406
-0.923075	0.172414	0.36693	0.834962	0.63428
-0.854699	0.172414	0.363165	0.81023	0.798064
-0.786323	0.172414	0.362388	0.785877	0.973549
-0.717947	0.172414	0.364517	0.762445	1
-0.649571	0.172414	0.36936	0.740348	1
-0.581195	0.172414	0.376672	0.719897	1
-0.512819	0.172414	0.386177	0.701323	1
-0.444443	0.172414	0.397597	0.684799	1
-0.376067	0.172414	0.410653	0.670453	1
-0.307692	0.172414	0.425074	0.658381	1
-0.239316	0.172414	0.440598	0.648652	1
-0.17094	0.172414	0.456971	0.641316	1
-0.102564	0.172414	0.473944	0.636407	1
-0.0341879	0.172414	0.491275	0.633948	1
0.0341879	0.172414	0.508725	0.633948	1
0.102564	0.172414	0.526056	0.636407	1
0.17094	0.172414	0.543029	0.641316	1
0.239316	0.172414	0.559402	0.648652	1
0.307692	0.172414	0.574926	0.658381	1
0.376067	0.172414	0.589347	0.670453	1
0.444443	0.172414	0.602403	0.684799	1
0.512819	0.172414	0.613823	0.701323	1
0.581195	0.172414	0.623328	0.719897	1
0.649571	0.172414	0.63064	0.740348	1
0.717947	0.172414	0.635483	0.762445	1
0.786323	0.172414	0.637612	0.785877	0.973549
0.854699	0.172414	0.636835	0.81023	0.798064
0.923075	0.172414	0.63307	0.834962	0.63428
0.991451	0.172414	0.62642	0.859385	0.487406
1.05983	0.172414	0.617257	0.882678	0.361804
1.1282	0.172414	0.60628	0.903976	0.260143
1.19658	0.172414	0.594459	0.922537	0.182595
1.26495	0.172414	0.582813	0.937957	0.126658
1.33333	0.172414	0.572126	0.950272	0.0880034
-1.33333	0.241379	0.439303	0.957178	0.0642309
-1.26495	0.241379	0.431085	0.947531	0.0899714
-1.19658	0.241379	0.421934	0.935418	0.127154
-1.1282	0.241379	0.412254	0.920582	0.179587
-1.05983	0.241379	0.402736	0.90308	0.25055
-0.991451	0.241379	0.394216	0.883328	0.341719
-0.923075	0.241379	0.387463	0.862005	0.452564
-0.854699	0.241379	0.383019	0.83988	0.580519
-0.786323	0.241379	0.381166	0.817681	0.721613
-0.717947	0.241379	0.381961	0.796017	0.871165
-0.649571	0.241379	0.385315	0.775372	1
-0.581195	0.241379	0.391041	0.756116	1
-0.512819	0.241379	0.398908	0.738527	1
-0.444443	0.241379	0.408657	0.722813	1
-0.376067	0.241379	0.420024	0.709128	1
-0.307692	0.241379	0.432748	0.697585	1
-0.239316	0.241379	0.446569	0.688266	1
-0.17094	0.241379	0.461237	0.68123	1
-0.102564	0.241379	0.476504	0.676519	1
-0.0341879	0.241379	0.492128	0.674158	1
0.0341879	0.241379	0.507872	0.674158	1
0.102564	0.241379	0.523496	0.676519	1
0.17094	0.241379	0.538763	0.68123	1
0.239316	0.241379	0.553431	0.688266	1
0.307692	0.241379	0.567252	0.697585	1
0.376067	0.241379	0.579976	0.709128	1
0.444443	0.241379	0.591343	0.722813	1
0.512819	0.241379	0.601092	0.738527	1
0.581195	0.241379	0.608959	0.756116	1
0.649571	0.241379	0.614685	0.775372	1
0.717947	0.241379	0.618039	0.796017	0.871165
0.786323	0.241379	0.618834	0.817681	0.721613
0.854699	0.241379	0.616981	0.83988	0.580519
0.923075	0.241379	0.612537	0.862005	0.452564
0.991451	0.241379	0.605784	0.883328	0.341719
1.05983	0.241379	0.597264	0.90308	0.25055
1.1282	0.241379	0.587746	0.920582	0.179587
1.19658	0.241379	0.578066	0.935418	0.127154
1.26495	0.241379	0.568915	0.947531	0.0899714
1.33333	0.241379	0.560697	0.957178	0.0642309
-1.33333	0.310345	0.448736	0.962868	0.0473718
-1.26495	0.310345	0.442543	0.955338	0.0644266
-1.19658	0.310345	0.435622	0.945977	0.0886166
-1.1282	0.310345	0.428135	0.934472	0.122653
-1.05983	0.310345	0.420451	0.920666	0.169438
-0.991451	0.310345	0.413142	0.904659	0.231358
-0.923075	0.310345	0.406867	0.886835	0.309507
-0.854699	0.310345	0.402225	0.867786	0.403235
-0.786323	0.310345	0.399638	0.848183	0.510251
-0.717947	0.310345	0.399322	0.828662	0.627098
-0.649571	0.310345	0.401314	0.809768	0.749691
-0.581195	0.310345	0.405521	0.791937	0.873769
-0.512819	0.310345	0.411774	0.775505	0.995192
-0.444443	0.310345	0.419854	0.760728	1
-0.376067	0.310345	0.429522	0.747794	1
-0.307692	0.310345	0.440529	0.736845	1
-0.239316	0.310345	0.452625	0.727981	1
-0.17094	0.310345	0.465563	0.721277	1
-0.102564	0.310345	0.4791	0.716782	1
-0.0341879	0.310345	0.492994	0.714527	1
0.0341879	0.310345	0.507006	0.714527	1
0.102564	0.310345	0.5209	0.716782	1
0.17094	0.310345	0.534437	0.721277	1
0.239316	0.310345	0.547375	0.727981	1
0.307692	0.310345	0.559471	0.736845	1
0.376067	0.310345	0.570478	0.747794	1
0.444443	0.310345	0.580146	0.760728	1
0.512819	0.310345	0.588226	0.775505	0.995192
0.581195	0.310345	0.594479	0.791937	0.873769
0.649571	0.310345	0.598686	0.809768	0.749691
0.717947	0.310345	0.600678	0.828662	0.627098
0.786323	0.310345	0.600362	0.848183	0.510251
0.854699	0.310345	0.597775	0.867786	0.403235
0.923075	0.310345	0.593133	0.886835	0.309507
0.991451	0.310345	0.586858	0.904659	0.231358
1.05983	0.310345	0.579549	0.920666	0.169438
1.1282	0.310345	0.571865	0.934472	0.122653
1.19658	0.310345	0.564378	0.945977	0.0886166
1.26495	0.310345	0.557457	0.955338	0.0644266
1.33333	0.310345	0.551264	0.962868	0.0473718
-1.33333	0.37931	0.456499	0.96757	0.0353628
-1.26495	0.37931	0.451864	0.961654	0.0467642
-1.19658	0.37931	0.446749	0.954441	0.0624587
-1.1282	0.37931	0.441201	0.945662	0.0841217
-1.05983	0.37931	0.435387	0.935103	0.113763
-0.991451	0.37931	0.429623	0.922676	0.153456
-0.923075	0.37931	0.424353	0.908493	0.204847
-0.854699	0.37931	0.420078	0.892881	0.268611
-0.786323	0.37931	0.417251	0.876335	0.344114
-0.717947	0.37931	0.416198	0.859422	0.429445
-0.649571	0.37931	0.417085	0.842693	0.52173
-0.581195	0.37931	0.419938	0.82663	0.617544
-0.512819	0.37931	0.424671	0.811629	0.713284
-0.444443	0.37931	0.43113	0.798	0.805437
-0.376067	0.37931	0.439116	0.785979	0.890756
-0.307692	0.37931	0.448405	0.775743	0.966365
-0.239316	0.37931	0.458763	0.767422	1
-0.17094	0.37931	0.469953	0.761108	1
-0.102564	0.37931	0.481735	0.756866	1
-0.0341879	0.37931	0.493872	0.754736	1
0.0341879	0.37931	0.506128	0.754736	1
0.102564	0.37931	0.518265	0.756866	1
0.17094	0.37931	0.530047	0.761108	1
0.239316	0.37931	0.541237	0.767422	1
0.307692	0.37931	0.551595	0.775743	0.966365
0.376067	0.37931	0.560884	0.785979	0.890756
0.444443	0.37931	0.56887	0.798	0.805437
0.512819	0.37931	0.575329	0.811629	0.713284
0.581195	0.37931	0.580062	0.82663	0.617544
0.649571	0.37931	0.582915	0.842693	0.52173
0.717947	0.37931	0.583802	0.859422	0.429445
0.786323	0.37931	0.582749	0.876335	0.344114
0.854699	0.37931	0.579922	0.892881	0.268611
0.923075	0.37931	0.575647	0.908493	0.204847
0.991451	0.37931	0.570377	0.922676	0.153456
1.05983	0.37931	0.564613	0.935103	0.113763
1.1282	0.37931	0.558799	0.945662	0.0841217
1.19658	0.37931	0.553251	0.954441	0.0624587
1.26495	0.37931	0.548136	0.961654	0.0467642
1.33333	0.37931	0.543501	0.96757	0.0353628
-1.33333	0.448276	0.46293	0.971511	0.0266778
-1.26495	0.448276	0.459434	0.966791	0.0344543
-1.19658	0.448276	0.455679	0.961183	0.0447692
-1.1282	0.448276	0.451668	0.95449	0.058577
-1.05983	0.448276	0.447472	0.946528	0.0770731
-0.991451	0.448276	0.443245	0.937159	0.101631
-0.923075	0.448276	0.439238	0.926346	0.133615
-0.854699	0.448276	0.435781	0.914197	0.174062
-0.786323	0.448276	0.433238	0.900977	0.22333
-0.717947	0.448276	0.431937	0.88708	0.280856
-0.649571	0.448276	0.432121	0.872968	0.345134
-0.581195	0.448276	0.433915	0.859106	0.413901
-0.512819	0.448276	0.437334	0.845914	0.484427
-0.444443	0.448276	0.442304	0.833747	0.553806
-0.376067	0.448276	0.448685	0.822888	0.619189
-0.307692	0.448276	0.456297	0.813559	0.677954
-0.239316	0.448276	0.464934	0.805924	0.727817
-0.17094	0.448276	0.474375	0.800103	0.766896
-0.102564	0.448276	0.484393	0.796179	0.793756
-0.0341879	0.448276	0.494759	0.794204	0.807429
0.0341879	0.448276	0.505241	0.794204	0.807429
0.102564	0.448276	0.515607	0.796179	0.793756
0.17094	0.448276	0.525625	0.800103	0.766896
0.239316	0.448276	0.535066	0.805924	0.727817
0.307692	0.448276	0.543703	0.813559	0.677954
0.376067	0.448276	0.551315	0.822888	0.619189
0.444443	0.448276	0.557696	0.833747	0.553806
0.512819	0.448276	0.562666	0.845914	0.484427
0.581195	0.448276	0.566085	0.859106	0.413901
0.649571	0.448276	0.567879	0.872968	0.345134
0.717947	0.448276	0.568063	0.88708	0.280856
0.786323	0.448276	0.566762	0.900977	0.22333
0.854699	0.448276	0.564219	0.914197	0.174062
0.923075	0.448276	0.560762	0.926346	0.133615
0.991451	0.448276	0.556755	0.937159	0.101631
1.05983	0.448276	0.552528	0.946528	0.0770731
1.1282	0.448276	0.548332	0.95449	0.058577
1.19658	0.448276	0.544321	0.961183	0.0447692
1.26495	0.448276	0.540566	0.966791	0.0344543
1.33333	0.448276	0.53707	0.971511	0.0266778
-1.33333	0.517241	0.468351	0.974907	0.0202301
-1.26495	0.517241	0.465639	0.971042	0.0257036
-1.19658	0.517241	0.462852	0.966599	0.0326538
-1.1282	0.517241	0.45997	0.961435	0.0416157
-1.05983	0.517241	0.457017	0.955413	0.0532462
-0.991451	0.517241	0.454072	0.948418	0.068324
-0.923075	0.517241	0.451265	0.940378	0.0876979
-0.854699	0.517241	0.448787	0.93129	0.112165
-0.786323	0.517241	0.446872	0.921254	0.142283
-0.717947	0.517241	0.44577	0.910479	0.178161
-0.649571	0.517241	0.445706	0.899268	0.219303
-0.581195	0.517241	0.446847	0.887983	0.264575
-0.512819	0.517241	0.449279	0.876998	0.312294
-0.444443	0.517241	0.453006	0.866667	0.36042
-0.376067	0.517241	0.457958	0.857297	0.406756
-0.307692	0.517241	0.464011	0.849142	0.449147
-0.239316	0.517241	0.471002	0.842401	0.485627
-0.17094	0.517241	0.478742	0.837224	0.514522
-0.102564	0.517241	0.487026	0.833717	0.534529
-0.0341879	0.517241	0.495639	0.831947	0.544758
0.0341879	0.517241	0.504361	0.831947	0.544758
0.102564	0.517241	0.512974	0.833717	0.534529
0.17094	0.517241	0.521258	0.837224	0.514522
0.239316	0.517241	0.528998	0.842401	0.485627
0.307692	0.517241	0.535989	0.849142	0.449147
0.376067	0.517241	0.542042	0.857297	0.406756
0.444443	0.517241	0.546994	0.866667	0.36042
0.512819	0.517241	0.550721	0.876998	0.312294
0.581195	0.517241	0.553153	0.887983	0.264575
0.649571	0.517241	0.554294	0.899268	0.219303
0.717947	0.517241	0.55423	0.910479	0.178161
0.786323	0.517241	0.553128	0.921254	0.142283
0.854699	0.517241	0.551213	0.93129	0.112165
0.923075	0.517241	0.548735	0.940378	0.0876979
0.991451	0.517241	0.545928	0.948418	0.068324
1.05983	0.517241	0.542983	0.955413	0.0532462
1.1282	0.517241	0.54003	0.961435	0.0416157
1.19658	0.517241	0.537148	0.966599	0.0326538
1.26495	0.517241	0.534361	0.971042	0.0257036
1.33333	0.517241	0.531649	0.974907	0.0202301
-1.33333	0.586207	0.473111	0.978008	0.0151987
-1.26495	0.586207	0.470837	0.974677	0.0192792
-1.19658	0.586207	0.46869	0.971047	0.0241436
-1.1282	0.586207	0.466584	0.966969	0.0301419
-1.05983	0.586207	0.464514	0.96234	0.0376369
-0.991451	0.586207	0.462515	0.957075	0.0470406
-0.923075	0.586207	0.460658	0.951113	0.0588073
-0.854699	0.586207	0.459049	0.94443	0.0733945
-0.786323	0.586207	0.457826	0.93705	0.0911893
-0.717947	0.586207	0.457148	0.929068	0.112406
-0.649571	0.586207	0.457175	0.920647	0.136972
-0.581195	0.586207	0.458049	0.912016	0.164447
-0.512819	0.586207	0.459872	0.903446	0.193997
-0.444443	0.586207	0.46269	0.895227	0.224441
-0.376067	0.586207	0.466489	0.887638	0.254363
-0.307692	0.586207	0.471202	0.88093	0.282246
-0.239316	0.586207	0.476716	0.875316	0.306615
-0.17094	0.586207	0.482884	0.870962	0.326153
-0.102564	0.586207	0.489534	0.867993	0.3398
-0.0341879	0.586207	0.496478	0.866488	0.346814
0.0341879	0.586207	0.503522	0.866488	0.346814
0.102564	0.586207	0.510466	0.867993	0.3398
0.17094	0.586207	0.517116	0.870962	0.326153
0.239316	0.586207	0.523284	0.875316	0.306615
0.307692	0.586207	0.528798	0.88093	0.282246
0.376067	0.586207	0.533511	0.887638	0.254363
0.444443	0.586207	0.53731	0.895227	0.224441
0.512819	0.586207	0.540128	0.903446	0.193997
0.581195	0.586207	0.541951	0.912016	0.164447
0.649571	0.586207	0.542825	0.920647	0.136972
0.717947	0.586207	0.542852	0.929068	0.112406
0.786323	0.586207	0.542174	0.93705	0.0911893
0.854699	0.586207	0.540951	0.94443	0.0733945
0.923075	0.586207	0.539342	0.951113	0.0588073
0.991451	0.586207	0.537485	0.957075	0.0470406
1.05983	0.586207	0.535486	0.96234	0.0376369
1.1282	0.586207	0.533416	0.966969	0.0301419
1.19658	0.586207	0.53131	0.971047	0.0241436
1.26495	0.586207	0.529163	0.974677	0.0192792
1.33333	0.586207	0.526889	0.978008	0.0151987
-1.33333	0.655172	0	0	0.0162418
-1.26495	0.655172	0.475435	0.978026	0.0142476
-1.19658	0.655172	0.473577	0.974851	0.0179206
-1.1282	0.655172	0.47195	0.971503	0.0221287
-1.05983	0.655172	0.470459	0.967841	0.0271447
-0.991451	0.655172	0.469101	0.963791	0.0331999
-0.923075	0.655172	0.46791	0.959306	0.0405267
-0.854699	0.655172	0.466945	0.954363	0.0493539
-0.786323	0.655172	0.466284	0.94897	0.0598807
-0.717947	0.655172	0.466023	0.943172	0.0722353
-0.649571	0.655172	0.46626	0.937054	0.0864229
-0.581195	0.655172	0.467094	0.930749	0.102274
-0.512819	0.655172	0.468601	0.924428	0.119408
-0.444443	0.655172	0.47083	0.91829	0.137228
-0.376067	0.655172	0.47379	0.912546	0.154952
-0.307692	0.655172	0.477452	0.907403	0.171678
-0.239316	0.655172	0.481745	0.903047	0.186471
-0.17094	0.655172	0.486562	0.899638	0.198453
-0.102564	0.655172	0.491775	0.897296	0.206886
-0.0341879	0.655172	0.497231	0.896104	0.211241
0.0341879	0.655172	0.502769	0.896104	0.211241
0.102564	0.655172	0.508225	0.897296	0.206886
0.17094	0.655172	0.513438	0.899638	0.198453
0.239316	0.655172	0.518255	0.903047	0.186471
0.307692	0.655172	0.522548	0.907403	0.171678
0.376067	0.655172	0.52621	0.912546	0.154952
0.444443	0.655172	0.52917	0.91829	0.137228
0.512819	0.655172	0.531399	0.924428	0.119408
0.581195	0.655172	0.532906	0.930749	0.102274
0.649571	0.655172	0.53374	0.937054	0.0864229
0.717947	0.655172	0.533977	0.943172	0.0722353
0.786323	0.655172	0.533716	0.94897	0.0598807
0.854699	0.655172	0.533055	0.954363	0.0493539
0.923075	0.655172	0.53209	0.959306	0.0405267
0.991451	0.655172	0.530899	0.963791	0.0331999
1.05983	0.655172	0.529541	0.967841	0.0271447
1.1282	0.655172	0.52805	0.971503	0.0221287
1.19658	0.655172	0.526423	0.974851	0.0179206
1.26495	0.655172	0.524565	0.978026	0.0142476
1.33333	0.655172	0	0	0.0162418
-1.33333	0.724138	0	0	0
-1.26495	0.724138	0	0	0
-1.19658	0.724138	0.478021	0.978481	0.0129182
-1.1282	0.724138	0.476475	0.975423	0.0162339
-1.05983	0.724138	0.475293	0.972372	0.0198034
-0.991451	0.724138	0.474325	0.96914	0.0238899
-0.923075	0.724138	0.473556	0.965667	0.0286399
-0.854699	0.724138	0.47301	0.961929	0.0341701
-0.786323	0.724138	0.472728	0.957929	0.0405718
-0.717947	0.724138	0.472765	0.95369	0.0478975
-0.649571	0.724138	0.473179	0.949265	0.0561406
-0.581195	0.724138	0.474029	0.944732	0.0652124
-0.512819	0.724138	0.475363	0.940197	0.074923
-0.444443	0.724138	0.477213	0.935787	0.0849725
-0.376067	0.724138	0.479591	0.931643	0.0949577
-0.307692	0.724138	0.482479	0.927911	0.104398
-0.239316	0.724138	0.485832	0.924732	0.112774
-0.17094	0.724138	0.489578	0.92223	0.119585
-0.102564	0.724138	0.493623	0.920503	0.124395
-0.0341879	0.724138	0.497853	0.919622	0.126885
0.0341879	0.724138	0.502147	0.919622	0.126885
0.102564	0.724138	0.506377	0.920503	0.124395
0.17094	0.724138	0.510422	0.92223	0.119585
0.239316	0.724138	0.514168	0.924732	0.112774
0.307692	0.724138	0.517521	0.927911	0.104398
0.376067	0.724138	0.520409	0.931643	0.0949577
0.444443	0.724138	0.522787	0.935787	0.0849725
0.512819	0.724138	0.524637	0.940197	0.074923
0.581195	0.724138	0.525971	0.944732	0.0652124
0.649571	0.724138	0.526821	0.949265	0.0561406
0.717947	0.724138	0.527235	0.95369	0.0478975
0.786323	0.724138	0.527272	0.957929	0.0405718
0.854699	0.724138	0.52699	0.961929	0.0341701
0.923075	0.724138	0.526444	0.965667	0.0286399
0.991451	0.724138	0.525675	0.96914	0.0238899
1.05983	0.724138	0.524707	0.972372	0.0198034
1.1282	0.724138	0.523525	0.975423	0.0162339
1.19658	0.724138	0.521979	0.978481	0.0129182
1.26495	0.724138	0.497853	0.919622	0
1.33333	0.724138	0.502147	0.919622	0
-1.33333	0.793103	0	0	0
-1.26495	0.793103	0	0	0
-1.19658	0.793103	0	0	0.0133473
-1.1282	0.793103	0.481109	0.979748	0.0108899
-1.05983	0.793103	0.479467	0.976409	0.0142733
-0.991451	0.793103	0.47862	0.973613	0.0172944
-0.923075	0.793103	0.478063	0.970787	0.0205685
-0.854699	0.793103	0.477749	0.967851	0.0242134
-0.786323	0.793103	0.477683	0.96479	0.0282854
-0.717947	0.793103	0.477888	0.961613	0.0328057
-0.649571	0.793103	0.478396	0.958352	0.0377598
-0.581195	0.793103	0.479237	0.955056	0.0430906
-0.512819	0.793103	0.480437	0.951791	0.0486914
-0.444443	0.793103	0.482015	0.948639	0.0544025
-0.376067	0.793103	0.483972	0.945691	0.060014
-0.307692	0.793103	0.486295	0.943042	0.0652771
-0.239316	0.793103	0.488951	0.940787	0.069923
-0.17094	0.793103	0.49189	0.939012	0.0736882
-0.102564	0.793103	0.495044	0.937786	0.0763423
-0.0341879	0.793103	0.498333	0.93716	0.0777149
0.0341879	0.793103	0.501667	0.93716	0.0777149
0.102564	0.793103	0.504956	0.937786	0.0763423
0.17094	0.793103	0.50811	0.939012	0.0736882
0.239316	0.793103	0.511049	0.940787	0.069923
0.307692	0.793103	0.513705	0.943042	0.0652771
0.376067	0.793103	0.516028	0.945691	0.060014
0.444443	0.793103	0.517985	0.948639	0.0544025
0.512819	0.793103	0.519563	0.951791	0.0486914
0.581195	0.793103	0.520763	0.955056	0.0430906
0.649571	0.793103	0.521604	0.958352	0.0377598
0.717947	0.793103	0.522112	0.961613	0.0328057
0.786323	0.793103	0.522317	0.96479	0.0282854
0.854699	0.793103	0.522251	0.967851	0.0242134
0.923075	0.793103	0.521937	0.970787	0.0205685
0.991451	0.793103	0.52138	0.973613	0.0172944
1.05983	0.793103	0.520533	0.976409	0.0142733
1.1282	0.793103	0.518891	0.979748	0.0108899
1.19658	0.793103	0	0	0.0133473
1.26495	0.793103	0.498333	0.93716	0
1.33333	0.793103	0.501667	0.93716	0
-1.33333	0.862069	0	0	0
-1.26495	0.862069	0	0	0
-1.19658	0.862069	0	0	0
-1.1282	0.862069	0	0	0.0128369
-1.05983	0.862069	0	0	0
-0.991451	0.862069	0.482617	0.977991	0.0119223
-0.923075	0.862069	0.481875	0.975231	0.0146664
-0.854699	0.862069	0.481598	0.972731	0.0173032
-0.786323	0.862069	0.481603	0.970257	0.0200749
-0.717947	0.862069	0.481864	0.967771	0.0230293
-0.649571	0.862069	0.482384	0.96528	0.0261655
-0.581195	0.862069	0.483174	0.962808	0.0294508
-0.512819	0.862069	0.484242	0.960396	0.0328242
-0.444443	0.862069	0.485594	0.958096	0.0361976
-0.376067	0.862069	0.487227	0.955965	0.0394587
-0.307692	0.862069	0.489125	0.954065	0.0424772
-0.239316	0.862069	0.491264	0.952457	0.0451144
-0.17094	0.862069	0.493604	0.951195	0.0472352
-0.102564	0.862069	0.496099	0.950326	0.0487225
-0.0341879	0.862069	0.498689	0.949883	0.0494892
0.0341879	0.862069	0.501311	0.949883	0.0494892
0.102564	0.862069	0.503901	0.950326	0.0487225
0.17094	0.862069	0.506396	0.951195	0.0472352
0.239316	0.862069	0.508736	0.952457	0.0451144
0.307692	0.862069	0.510875	0.954065	0.0424772
0.376067	0.862069	0.512773	0.955965	0.0394587
0.444443	0.862069	0.514406	0.958096	0.0361976
0.512819	0.862069	0.515758	0.960396	0.0328242
0.581195	0.862069	0.516826	0.962808	0.0294508
0.649571	0.862069	0.517616	0.96528	0.0261655
0.717947	0.862069	0.518136	0.967771	0.0230293
0.786323	0.862069	0.518397	0.970257	0.0200749
0.854699	0.862069	0.518402	0.972731	0.0173032
0.923075	0.862069	0.518125	0.975231	0.0146664
0.991451	0.862069	0.517383	0.977991	0.0119223
1.05983	0.862069	0.496099	0.950326	0
1.1282	0.862069	0	0	0.0128369
1.19658	0.862069	0	0	0.012358
1.26495	0.862069	0.498689	0.949883	0
1.33333	0.862069	0.501311	0.949883	0
-1.33333	0.931034	0	0	0
-1.26495	0.931034	0	0	0
-1.19658	0.931034	0	0	0
-1.1282	0.931034	0	0	0
-1.05983	0.931034	0	0	0
-0.991451	0.931034	0	0	0
-0.923075	0.931034	0	0	0
-0.854699	0.931034	0.485182	0.9775	0.0117054
-0.786323	0.931034	0.484922	0.97501	0.0140941
-0.717947	0.931034	0.485097	0.97286	0.016259
-0.649571	0.931034	0.485546	0.970822	0.0184151
-0.581195	0.931034	0.486238	0.968866	0.020585
-0.512819	0.931034	0.487162	0.967002	0.0227479
-0.444443	0.931034	0.488311	0.965255	0.0248599
-0.376067	0.931034	0.489676	0.963658	0.0268624
-0.307692	0.931034	0.491242	0.96225	0.0286866
-0.239316	0.931034	0.492985	0.961067	0.0302603
-0.17094	0.931034	0.494877	0.960145	0.0315137
-0.102564	0.931034	0.49688	0.959513	0.0323867
-0.0341879	0.931034	0.498952	0.959192	0.0328349
0.0341879	0.931034	0.501048	0.959192	0.0328349
0.102564	0.931034	0.50312	0.959513	0.0323867
0.17094	0.931034	0.505123	0.960145	0.0315137
0.239316	0.931034	0.507015	0.961067	0.0302603
0.307692	0.931034	0.508758	0.96225	0.0286866
0.376067	0.931034	0.510324	0.963658	0.0268624
0.444443	0.931034	0.511689	0.965255	0.0248599
0.512819	0.931034	0.512838	0.967002	0.0227479
0.581195	0.931034	0.513762	0.968866	0.020585
0.649571	0.931034	0.514454	0.970822	0.0184151
0.717947	0.931034	0.514903	0.97286	0.016259
0.786323	0.931034	0.515078	0.97501	0.0140941
0.854699	0.931034	0.514818	0.9775	0.0117054
0.923075	0.931034	0.494877	0.960145	0
0.991451	0.931034	0.494877	0.960145	0
1.05983	0.931034	0.49688	0.959513	0
1.1282	0.931034	0.49688	0.959513	0
1.19658	0.931034	0.498952	0.959192	0
1.26495	0.931034	0.498952	0.959192	0
1.33333	0.931034	0.501048	0.959192	0
-1.33333	1	0	0	0
-1.26495	1	0	0	0
-1.19658	1	0	0	0
-1.1282	1	0	0	0
-1.05983	1	0	0	0
-0.991451	1	0	0	0
-0.923075	1	0	0	0
-0.854699	1	0	0	0
-0.786323	1	0	0	0.0140195
-0.717947	1	0	0	0
-0.649571	1	0.488328	0.975872	0.0125495
-0.581195	1	0.48879	0.974028	0.014287
-0.512819	1	0.489522	0.972425	0.0158542
-0.444443	1	0.490464	0.970987	0.0173097
-0.376067	1	0.49159	0.96971	0.0186457
-0.307692	1	0.492877	0.968603	0.0198351
-0.239316	1	0.494305	0.967687	0.020844
-0.17094	1	0.495847	0.966979	0.0216376
-0.102564	1	0.497473	0.966497	0.0221856
-0.0341879	1	0.499152	0.966252	0.0224656
0.0341879	1	0.500848	0.966252	0.0224656
0.102564	1	0.502527	0.966497	0.0221856
0.17094	1	0.504153	0.966979	0.0216376
0.239316	1	0.505695	0.967687	0.020844
0.307692	1	0.507123	0.968603	0.0198351
0.376067	1	0.50841	0.96971	0.0186457
0.444443	1	0.509536	0.970987	0.0173097
0.512819	1	0.510478	0.972425	0.0158542
0.581195	1	0.51121	0.974028	0.014287
0.649571	1	0.511672	0.975872	0.0125495
0.717947	1	0.492877	0.968603	0
0.786323	1	0	0	0.0140195
0.854699	1	0	0	0.013273
0.923075	1	0.495847	0.966979	0
0.991451	1	0.495847	0.966979	0
1.05983	1	0.497473	0.966497	0
1.1282	1	0.497473	0.966497	0
1.19658	1	0.499152	0.966252	0
1.26495	1	0.499152	0.966252	0
1.33333	1	0.500848	0.966252	0
